Execution Time: 0.3411536409985274 sec
Nodes Explored: 4595
Path Cost: 29

8 7 6 
5 1 4 
2 0 3 

8 7 6 
5 1 4 
0 2 3 

8 7 6 
0 1 4 
5 2 3 

0 7 6 
8 1 4 
5 2 3 

7 0 6 
8 1 4 
5 2 3 

7 6 0 
8 1 4 
5 2 3 

7 6 4 
8 1 0 
5 2 3 

7 6 4 
8 1 3 
5 2 0 

7 6 4 
8 1 3 
5 0 2 

7 6 4 
8 1 3 
0 5 2 

7 6 4 
0 1 3 
8 5 2 

0 6 4 
7 1 3 
8 5 2 

6 0 4 
7 1 3 
8 5 2 

6 1 4 
7 0 3 
8 5 2 

6 1 4 
7 3 0 
8 5 2 

6 1 4 
7 3 2 
8 5 0 

6 1 4 
7 3 2 
8 0 5 

6 1 4 
7 3 2 
0 8 5 

6 1 4 
0 3 2 
7 8 5 

0 1 4 
6 3 2 
7 8 5 

1 0 4 
6 3 2 
7 8 5 

1 4 0 
6 3 2 
7 8 5 

1 4 2 
6 3 0 
7 8 5 

1 4 2 
6 3 5 
7 8 0 

1 4 2 
6 3 5 
7 0 8 

1 4 2 
6 3 5 
0 7 8 

1 4 2 
0 3 5 
6 7 8 

1 4 2 
3 0 5 
6 7 8 

1 0 2 
3 4 5 
6 7 8 

0 1 2 
3 4 5 
6 7 8 

