Execution Time: 12.96533041499788 sec
Nodes Explored: 171719
Path Cost: 29

8 7 6 
5 1 4 
2 0 3 

8 7 6 
5 1 4 
0 2 3 

8 7 6 
0 1 4 
5 2 3 

8 7 6 
1 0 4 
5 2 3 

8 0 6 
1 7 4 
5 2 3 

8 6 0 
1 7 4 
5 2 3 

8 6 4 
1 7 0 
5 2 3 

8 6 4 
1 7 3 
5 2 0 

8 6 4 
1 7 3 
5 0 2 

8 6 4 
1 0 3 
5 7 2 

8 0 4 
1 6 3 
5 7 2 

0 8 4 
1 6 3 
5 7 2 

1 8 4 
0 6 3 
5 7 2 

1 8 4 
6 0 3 
5 7 2 

1 8 4 
6 3 0 
5 7 2 

1 8 4 
6 3 2 
5 7 0 

1 8 4 
6 3 2 
5 0 7 

1 8 4 
6 3 2 
0 5 7 

1 8 4 
0 3 2 
6 5 7 

1 8 4 
3 0 2 
6 5 7 

1 0 4 
3 8 2 
6 5 7 

1 4 0 
3 8 2 
6 5 7 

1 4 2 
3 8 0 
6 5 7 

1 4 2 
3 0 8 
6 5 7 

1 4 2 
3 5 8 
6 0 7 

1 4 2 
3 5 8 
6 7 0 

1 4 2 
3 5 0 
6 7 8 

1 4 2 
3 0 5 
6 7 8 

1 0 2 
3 4 5 
6 7 8 

0 1 2 
3 4 5 
6 7 8 

