Execution Time: 0.004584424001222942 sec
Nodes Explored: 56
Path Cost: 26

1 5 7 
3 6 2 
0 4 8 

1 5 7 
0 6 2 
3 4 8 

1 5 7 
6 0 2 
3 4 8 

1 0 7 
6 5 2 
3 4 8 

1 7 0 
6 5 2 
3 4 8 

1 7 2 
6 5 0 
3 4 8 

1 7 2 
6 0 5 
3 4 8 

1 0 2 
6 7 5 
3 4 8 

0 1 2 
6 7 5 
3 4 8 

6 1 2 
0 7 5 
3 4 8 

6 1 2 
3 7 5 
0 4 8 

6 1 2 
3 7 5 
4 0 8 

6 1 2 
3 0 5 
4 7 8 

6 1 2 
0 3 5 
4 7 8 

6 1 2 
4 3 5 
0 7 8 

6 1 2 
4 3 5 
7 0 8 

6 1 2 
4 0 5 
7 3 8 

6 1 2 
0 4 5 
7 3 8 

0 1 2 
6 4 5 
7 3 8 

1 0 2 
6 4 5 
7 3 8 

1 4 2 
6 0 5 
7 3 8 

1 4 2 
6 3 5 
7 0 8 

1 4 2 
6 3 5 
0 7 8 

1 4 2 
0 3 5 
6 7 8 

1 4 2 
3 0 5 
6 7 8 

1 0 2 
3 4 5 
6 7 8 

0 1 2 
3 4 5 
6 7 8 

