Execution Time: 0.04549140100061777 sec
Nodes Explored: 402
Path Cost: 57

8 7 6 
5 1 4 
2 0 3 

8 7 6 
5 1 4 
0 2 3 

8 7 6 
0 1 4 
5 2 3 

0 7 6 
8 1 4 
5 2 3 

7 0 6 
8 1 4 
5 2 3 

7 1 6 
8 0 4 
5 2 3 

7 1 6 
8 2 4 
5 0 3 

7 1 6 
8 2 4 
0 5 3 

7 1 6 
0 2 4 
8 5 3 

0 1 6 
7 2 4 
8 5 3 

1 0 6 
7 2 4 
8 5 3 

1 2 6 
7 0 4 
8 5 3 

1 2 6 
7 5 4 
8 0 3 

1 2 6 
7 5 4 
0 8 3 

1 2 6 
0 5 4 
7 8 3 

1 2 6 
5 0 4 
7 8 3 

1 2 6 
5 4 0 
7 8 3 

1 2 0 
5 4 6 
7 8 3 

1 0 2 
5 4 6 
7 8 3 

1 4 2 
5 0 6 
7 8 3 

1 4 2 
5 6 0 
7 8 3 

1 4 2 
5 6 3 
7 8 0 

1 4 2 
5 6 3 
7 0 8 

1 4 2 
5 0 3 
7 6 8 

1 4 2 
0 5 3 
7 6 8 

1 4 2 
7 5 3 
0 6 8 

1 4 2 
7 5 3 
6 0 8 

1 4 2 
7 0 3 
6 5 8 

1 4 2 
7 3 0 
6 5 8 

1 4 2 
7 3 8 
6 5 0 

1 4 2 
7 3 8 
6 0 5 

1 4 2 
7 3 8 
0 6 5 

1 4 2 
0 3 8 
7 6 5 

1 4 2 
3 0 8 
7 6 5 

1 0 2 
3 4 8 
7 6 5 

0 1 2 
3 4 8 
7 6 5 

3 1 2 
0 4 8 
7 6 5 

3 1 2 
7 4 8 
0 6 5 

3 1 2 
7 4 8 
6 0 5 

3 1 2 
7 4 8 
6 5 0 

3 1 2 
7 4 0 
6 5 8 

3 1 2 
7 0 4 
6 5 8 

3 1 2 
0 7 4 
6 5 8 

3 1 2 
6 7 4 
0 5 8 

3 1 2 
6 7 4 
5 0 8 

3 1 2 
6 0 4 
5 7 8 

3 1 2 
6 4 0 
5 7 8 

3 1 2 
6 4 8 
5 7 0 

3 1 2 
6 4 8 
5 0 7 

3 1 2 
6 4 8 
0 5 7 

3 1 2 
0 4 8 
6 5 7 

3 1 2 
4 0 8 
6 5 7 

3 1 2 
4 5 8 
6 0 7 

3 1 2 
4 5 8 
6 7 0 

3 1 2 
4 5 0 
6 7 8 

3 1 2 
4 0 5 
6 7 8 

3 1 2 
0 4 5 
6 7 8 

0 1 2 
3 4 5 
6 7 8 

