Execution Time: 0.06154146399785532 sec
Nodes Explored: 768
Path Cost: 40

0 1 2 
3 4 5 
8 6 7 

3 1 2 
0 4 5 
8 6 7 

3 1 2 
8 4 5 
0 6 7 

3 1 2 
8 4 5 
6 0 7 

3 1 2 
8 4 5 
6 7 0 

3 1 2 
8 4 0 
6 7 5 

3 1 0 
8 4 2 
6 7 5 

3 0 1 
8 4 2 
6 7 5 

3 4 1 
8 0 2 
6 7 5 

3 4 1 
0 8 2 
6 7 5 

0 4 1 
3 8 2 
6 7 5 

4 0 1 
3 8 2 
6 7 5 

4 8 1 
3 0 2 
6 7 5 

4 8 1 
3 2 0 
6 7 5 

4 8 1 
3 2 5 
6 7 0 

4 8 1 
3 2 5 
6 0 7 

4 8 1 
3 0 5 
6 2 7 

4 0 1 
3 8 5 
6 2 7 

4 1 0 
3 8 5 
6 2 7 

4 1 5 
3 8 0 
6 2 7 

4 1 5 
3 0 8 
6 2 7 

4 1 5 
3 2 8 
6 0 7 

4 1 5 
3 2 8 
6 7 0 

4 1 5 
3 2 0 
6 7 8 

4 1 0 
3 2 5 
6 7 8 

4 0 1 
3 2 5 
6 7 8 

0 4 1 
3 2 5 
6 7 8 

3 4 1 
0 2 5 
6 7 8 

3 4 1 
2 0 5 
6 7 8 

3 0 1 
2 4 5 
6 7 8 

3 1 0 
2 4 5 
6 7 8 

3 1 5 
2 4 0 
6 7 8 

3 1 5 
2 0 4 
6 7 8 

3 1 5 
0 2 4 
6 7 8 

0 1 5 
3 2 4 
6 7 8 

1 0 5 
3 2 4 
6 7 8 

1 2 5 
3 0 4 
6 7 8 

1 2 5 
3 4 0 
6 7 8 

1 2 0 
3 4 5 
6 7 8 

1 0 2 
3 4 5 
6 7 8 

0 1 2 
3 4 5 
6 7 8 

