Execution Time: 0.003876155002217274 sec
Nodes Explored: 49
Path Cost: 29

8 7 6 
5 1 4 
2 0 3 

8 7 6 
5 0 4 
2 1 3 

8 7 6 
5 4 0 
2 1 3 

8 7 0 
5 4 6 
2 1 3 

8 0 7 
5 4 6 
2 1 3 

0 8 7 
5 4 6 
2 1 3 

5 8 7 
0 4 6 
2 1 3 

5 8 7 
2 4 6 
0 1 3 

5 8 7 
2 4 6 
1 0 3 

5 8 7 
2 4 6 
1 3 0 

5 8 7 
2 4 0 
1 3 6 

5 8 0 
2 4 7 
1 3 6 

5 0 8 
2 4 7 
1 3 6 

0 5 8 
2 4 7 
1 3 6 

2 5 8 
0 4 7 
1 3 6 

2 5 8 
1 4 7 
0 3 6 

2 5 8 
1 4 7 
3 0 6 

2 5 8 
1 4 7 
3 6 0 

2 5 8 
1 4 0 
3 6 7 

2 5 0 
1 4 8 
3 6 7 

2 0 5 
1 4 8 
3 6 7 

0 2 5 
1 4 8 
3 6 7 

1 2 5 
0 4 8 
3 6 7 

1 2 5 
3 4 8 
0 6 7 

1 2 5 
3 4 8 
6 0 7 

1 2 5 
3 4 8 
6 7 0 

1 2 5 
3 4 0 
6 7 8 

1 2 0 
3 4 5 
6 7 8 

1 0 2 
3 4 5 
6 7 8 

0 1 2 
3 4 5 
6 7 8 

